96 4
46 55
37 86
29 72
22 58
68 67
67 55
38 75
15 93
60 65
31 20
68 92
60 43
67 8
38 43
21 85
61 77
72 44
28 84
86 16
74 62
95 59
13 29
99 50
19 5
73 57
87 19
83 98
83 44
95 17
18 62
27 67
34 97
93 99
95 25
14 34
6 4
63 53
37 39
89 61
51 94
21 73
45 87
42 36
76 69
51 58
25 79
74 97
82 31
43 72
10 30
46 57
94 29
94 88
11 55
39 18
90 12
12 65
88 87
97 44
20 68
86 2
35 45
7 74
42 67
21 85
75 73
40 7
95 43
6 44
36 96
99 21
26 2
6 74
97 74
73 12
10 98
66 93
7 44
11 17
39 98
65 17
51 32
70 66
38 85
93 28
58 54
29 82
70 46
79 63
62 44
27 58
38 82
9 38
41 22
84 24
65 51
54 74
33 11
79 83
