0 64 
1 10  77 
2 43  61  13 
3 59  76  22  75 
4 13  6  32  15 
5 40  13 
6 35  42  62  30 
7 67  39 
8 27 
9 98  42 
10 79  54  47 
11 36 
12 29 
13 61 
14 77  92  47  97 
15 27 
16 51  95 
17 47  89  4 
18 37  96  60  20 
19 39 
20 5  80  35 
21 60  80 
22 81  2 
23 30  29  76  34 
24 32 
25 92  34 
26 59  39 
27 18 
28 46 
29 25  84  80 
30 42 
31 0  99  84 
32 24 
33 1  86 
34 20  23  12  54 
35 38 
36 11 
37 38  14  81  42 
38 61 
39 66  81  6 
40 92  88 
41 77  1  80 
42 21 
43 82  4  71  0 
44 81 
45 78  44  90 
46 57 
47 24  91  32 
48 96  59 
49 10  15 
50 26  64 
51 22  68  19  86 
52 81 
53 81  72  46 
54 76  12  30  93 
55 0  44 
56 81  97  24  55 
57 65 
58 14 
59 52  69  84 
60 20  40 
61 83 
62 20  44  40  60 
63 91  40 
64 12  55  1 
65 75  13  80  96 
66 96  33 
67 37  3  64 
68 60 
69 11  72  50 
70 36  26  25 
71 22  64  72 
72 64  37  83 
73 17  30  46  41 
74 4 
75 29  46  5  15 
76 35 
77 46  35  24 
78 89 
79 17  13  10 
80 28 
81 56  66  94 
82 80  69 
83 42  78 
84 46  37  97  58 
85 69  75 
86 64  47 
87 78  36 
88 46  94  20 
89 42  99  22  49 
90 26  15 
91 48  43  79  98 
92 94 
93 31  70  83 
94 11  77  3  13 
95 94  96  83  35 
96 46  76 
97 9  0 
98 85  36  78  64 
99 51